Supplemental results for CODEML (seqf: Exo70F1_grasses_reduced.phy  treef: RAxML_bipartitions.Exo70F1_grasses_reduced)


dN/dS (w) for site classes (K=4)

site class             0        1       2a       2b
proportion       0.76088  0.11926  0.10361  0.01624
background w     0.12014  1.00000  0.12014  1.00000
foreground w     0.12014  1.00000  1.00000  1.00000

Naive Empirical Bayes (NEB) probabilities for 4 classes
(amino acids refer to 1st sequence: AvsRGH2)

   1 V   0.76189 0.12680 0.09404 0.01727 ( 1)
   2 A   0.89174 0.00006 0.10819 0.00001 ( 1)
   3 M   0.89538 0.00000 0.10462 0.00000 ( 1)
   4 Y   0.51131 0.37568 0.06185 0.05116 ( 1)
   5 R   0.88783 0.00071 0.11137 0.00010 ( 1)
   6 L   0.88797 0.00051 0.11145 0.00007 ( 1)
   7 E   0.89447 0.00001 0.10551 0.00000 ( 1)
   8 E   0.89440 0.00010 0.10548 0.00001 ( 1)
   9 E   0.89450 0.00001 0.10549 0.00000 ( 1)
  10 F   0.88976 0.00014 0.11008 0.00002 ( 1)
  11 G   0.88217 0.00558 0.11150 0.00076 ( 1)
  12 K   0.88004 0.00979 0.10884 0.00133 ( 1)
  13 L   0.88739 0.00079 0.11171 0.00011 ( 1)
  14 L   0.88768 0.00052 0.11174 0.00007 ( 1)
  15 T   0.64529 0.24303 0.07858 0.03310 ( 1)
  16 R   0.54821 0.32911 0.07786 0.04482 ( 1)
  17 G   0.89265 0.00002 0.10732 0.00000 ( 1)
  18 S   0.34742 0.53696 0.04250 0.07312 ( 2)
  19 V   0.06496 0.80261 0.02313 0.10930 ( 2)
  20 S   0.59407 0.29132 0.07493 0.03967 ( 1)
  21 L   0.88827 0.00040 0.11128 0.00005 ( 1)
  22 S   0.22935 0.47579 0.23007 0.06479 ( 2)
  23 P   0.00934 0.87090 0.00116 0.11860 ( 2)
  24 E   0.89443 0.00007 0.10549 0.00001 ( 1)
  25 D   0.89320 0.00002 0.10678 0.00000 ( 1)
  26 L   0.88342 0.00470 0.11124 0.00064 ( 1)
  27 H   0.88214 0.00824 0.10850 0.00112 ( 1)
  28 A   0.88923 0.00110 0.10953 0.00015 ( 1)
  29 S   0.87782 0.00805 0.11303 0.00110 ( 1)
  30 L   0.88829 0.00037 0.11128 0.00005 ( 1)
  31 L   0.69354 0.19326 0.08689 0.02632 ( 1)
  32 P   0.46587 0.02840 0.50186 0.00387 ( 3)
  33 Q   0.86272 0.02497 0.10892 0.00340 ( 1)
  34 L   0.88829 0.00038 0.11128 0.00005 ( 1)
  35 S   0.88736 0.00062 0.11193 0.00008 ( 1)
  36 P   0.88030 0.00703 0.11171 0.00096 ( 1)
  37 T   0.89095 0.00009 0.10895 0.00001 ( 1)
  38 V   0.88309 0.00177 0.11490 0.00024 ( 1)
  39 S   0.88259 0.00531 0.11138 0.00072 ( 1)
  40 T   0.00187 0.87829 0.00024 0.11960 ( 2)
  41 F   0.62200 0.01225 0.36409 0.00167 ( 1)
  42 S   0.00073 0.87942 0.00010 0.11976 ( 2)
  43 E   0.54372 0.34515 0.06413 0.04700 ( 1)
  44 G   0.88424 0.00138 0.11419 0.00019 ( 1)
  45 D   0.87719 0.01565 0.10503 0.00213 ( 1)
  46 E   0.83580 0.05770 0.09864 0.00786 ( 1)
  47 S   0.24773 0.63376 0.03221 0.08630 ( 2)
  48 V   0.00042 0.87973 0.00005 0.11980 ( 2)
  49 W   0.20826 0.67314 0.02693 0.09167 ( 2)
  50 S   0.06990 0.81095 0.00871 0.11043 ( 2)
  51 S   0.88729 0.00069 0.11193 0.00009 ( 1)
  52 V   0.43867 0.44529 0.05541 0.06064 ( 2)
  53 F   0.87863 0.00857 0.11163 0.00117 ( 1)
  54 D   0.89290 0.00025 0.10681 0.00003 ( 1)
  55 S   0.16466 0.71711 0.02058 0.09765 ( 2)
  56 E   0.89450 0.00001 0.10549 0.00000 ( 1)
  57 I   0.89141 0.00005 0.10853 0.00001 ( 1)
  58 L   0.57704 0.30800 0.07302 0.04194 ( 1)
  59 R   0.85729 0.03106 0.10742 0.00423 ( 1)
  60 I   0.87222 0.01587 0.10975 0.00216 ( 1)
  61 S   0.00194 0.87822 0.00025 0.11959 ( 2)
  62 P   0.88946 0.00030 0.11020 0.00004 ( 1)
  63 H   0.84719 0.03974 0.10766 0.00541 ( 1)
  64 T   0.88846 0.00037 0.11112 0.00005 ( 1)
  65 I   0.88930 0.00106 0.10950 0.00014 ( 1)
  66 S   0.38172 0.50190 0.04803 0.06835 ( 2)
  67 I   0.00100 0.87916 0.00013 0.11972 ( 2)
  68 L   0.88826 0.00040 0.11128 0.00006 ( 1)
  69 K   0.87226 0.01699 0.10844 0.00231 ( 1)
  70 D   0.89304 0.00017 0.10677 0.00002 ( 1)
  71 I   0.89122 0.00007 0.10870 0.00001 ( 1)
  72 A   0.88983 0.00013 0.11002 0.00002 ( 1)
  73 D   0.89118 0.00186 0.10670 0.00025 ( 1)
  74 V   0.89029 0.00013 0.10956 0.00002 ( 1)
  75 L   0.89498 0.00039 0.10457 0.00005 ( 1)
  76 L   0.88764 0.00056 0.11173 0.00008 ( 1)
  77 R   0.32694 0.55600 0.04135 0.07571 ( 2)
  78 V   0.87610 0.01080 0.11163 0.00147 ( 1)
  79 G   0.89016 0.00011 0.10971 0.00002 ( 1)
  80 H   0.86957 0.01608 0.11216 0.00219 ( 1)
  81 S   0.02076 0.85967 0.00250 0.11707 ( 2)
  82 S   0.15549 0.72121 0.02509 0.09821 ( 2)
  83 K   0.89436 0.00008 0.10555 0.00001 ( 1)
  84 L   0.87487 0.01094 0.11269 0.00149 ( 1)
  85 C   0.02057 0.85187 0.01156 0.11600 ( 2)
  86 Q   0.88979 0.00015 0.11004 0.00002 ( 1)
  87 V   0.87912 0.01112 0.10824 0.00151 ( 1)
  88 Y   0.88814 0.00039 0.11142 0.00005 ( 1)
  89 V   0.00612 0.87406 0.00080 0.11903 ( 2)
  90 K   0.67663 0.00881 0.31336 0.00120 ( 1)
  91 A   0.88981 0.00287 0.10693 0.00039 ( 1)
  92 H   0.88277 0.00497 0.11158 0.00068 ( 1)
  93 R   0.88584 0.00289 0.11087 0.00039 ( 1)
  94 D   0.89299 0.00018 0.10681 0.00002 ( 1)
  95 T   0.87867 0.00562 0.11495 0.00077 ( 1)
  96 L   0.88468 0.00120 0.11396 0.00016 ( 1)
  97 M   0.70306 0.00064 0.29621 0.00009 ( 1)
  98 G   0.89437 0.00008 0.10554 0.00001 ( 1)
  99 C   0.88707 0.00070 0.11213 0.00009 ( 1)
 100 L   0.88824 0.00042 0.11128 0.00006 ( 1)
 101 A   0.36089 0.52209 0.04592 0.07110 ( 2)
 102 V   0.60242 0.01561 0.37984 0.00213 ( 1)
 103 L   0.88334 0.00249 0.11382 0.00034 ( 1)
 104 E   0.89243 0.00022 0.10732 0.00003 ( 1)
 105 V   0.89027 0.00015 0.10956 0.00002 ( 1)
 106 D   0.89320 0.00002 0.10678 0.00000 ( 1)
 107 K   0.89324 0.00002 0.10675 0.00000 ( 1)
 108 K   0.89534 0.00004 0.10462 0.00000 ( 1)
 109 S   0.88880 0.00111 0.10993 0.00015 ( 1)
 110 L   0.88751 0.00067 0.11172 0.00009 ( 1)
 111 E   0.89449 0.00001 0.10549 0.00000 ( 1)
 112 E   0.89450 0.00001 0.10549 0.00000 ( 1)
 113 V   0.89280 0.00003 0.10716 0.00000 ( 1)
 114 Q   0.88979 0.00015 0.11004 0.00002 ( 1)
 115 G   0.60459 0.27724 0.08042 0.03775 ( 1)
 116 I   0.62113 0.01621 0.36045 0.00221 ( 1)
 117 E   0.88438 0.00298 0.11223 0.00041 ( 1)
 118 W   0.88602 0.00104 0.11279 0.00014 ( 1)
 119 D   0.87325 0.01627 0.10827 0.00222 ( 1)
 120 I   0.10484 0.77645 0.01297 0.10574 ( 2)
 121 L   0.88825 0.00042 0.11128 0.00006 ( 1)
 122 N   0.74380 0.00377 0.25192 0.00051 ( 1)
 123 N   0.47002 0.41515 0.05830 0.05653 ( 1)
 124 K   0.89324 0.00002 0.10675 0.00000 ( 1)
 125 M   0.89538 0.00000 0.10462 0.00000 ( 1)
 126 K   0.89198 0.00121 0.10664 0.00016 ( 1)
 127 K   0.89178 0.00142 0.10660 0.00019 ( 1)
 128 W   0.88602 0.00104 0.11279 0.00014 ( 1)
 129 I   0.88754 0.00075 0.11161 0.00010 ( 1)
 130 Q   0.88863 0.00130 0.10990 0.00018 ( 1)
 131 A   0.89264 0.00008 0.10727 0.00001 ( 1)
 132 L   0.88555 0.00308 0.11095 0.00042 ( 1)
 133 K   0.87932 0.01364 0.10518 0.00186 ( 1)
 134 V   0.89127 0.00009 0.10863 0.00001 ( 1)
 135 V   0.89026 0.00015 0.10957 0.00002 ( 1)
 136 V   0.88924 0.00117 0.10943 0.00016 ( 1)
 137 H   0.87214 0.01759 0.10788 0.00240 ( 1)
 138 G   0.89016 0.00012 0.10971 0.00002 ( 1)
 139 L   0.88347 0.00236 0.11384 0.00032 ( 1)
 140 L   0.86854 0.01720 0.11192 0.00234 ( 1)
 141 A   0.88842 0.00038 0.11115 0.00005 ( 1)
 142 E   0.89450 0.00001 0.10549 0.00000 ( 1)
 143 E   0.89450 0.00001 0.10549 0.00000 ( 1)
 144 R   0.88714 0.00064 0.11213 0.00009 ( 1)
 145 R   0.88207 0.00565 0.11150 0.00077 ( 1)
 146 I   0.88936 0.00011 0.11052 0.00001 ( 1)
 147 C   0.86831 0.01704 0.11233 0.00232 ( 1)
 148 S   0.45953 0.42550 0.05703 0.05794 ( 1)
 149 Q   0.88979 0.00015 0.11004 0.00002 ( 1)
 150 I   0.89102 0.00044 0.10848 0.00006 ( 1)
 151 F   0.45286 0.05742 0.48190 0.00782 ( 3)
 152 A   0.83879 0.05306 0.10092 0.00723 ( 1)
 153 A   0.81200 0.07745 0.10001 0.01055 ( 1)
 154 D   0.89106 0.00035 0.10854 0.00005 ( 1)
 155 A   0.88806 0.00221 0.10943 0.00030 ( 1)
 156 H   0.01135 0.86891 0.00141 0.11833 ( 2)
 157 S   0.48082 0.02223 0.49392 0.00303 ( 3)
 158 E   0.89436 0.00011 0.10551 0.00002 ( 1)
 159 E   0.89137 0.00027 0.10832 0.00004 ( 1)
 160 E   0.89436 0.00011 0.10551 0.00002 ( 1)
 161 C   0.88714 0.00063 0.11214 0.00009 ( 1)
 162 F   0.88664 0.00052 0.11277 0.00007 ( 1)
 163 T   0.86816 0.01775 0.11167 0.00242 ( 1)
 164 E   0.89331 0.00104 0.10551 0.00014 ( 1)
 165 V   0.84916 0.04048 0.10484 0.00551 ( 1)
 166 A   0.89020 0.00014 0.10964 0.00002 ( 1)
 167 K   0.89292 0.00003 0.10704 0.00000 ( 1)
 168 G   0.89262 0.00004 0.10734 0.00001 ( 1)
 169 C   0.88288 0.00256 0.11421 0.00035 ( 1)
 170 V   0.89030 0.00013 0.10956 0.00002 ( 1)
 171 L   0.88741 0.00071 0.11178 0.00010 ( 1)
 172 Q   0.88949 0.00024 0.11024 0.00003 ( 1)
 173 L   0.88765 0.00054 0.11173 0.00007 ( 1)
 174 L   0.88825 0.00041 0.11128 0.00006 ( 1)
 175 R   0.20502 0.16035 0.61279 0.02184 ( 3)
 176 F   0.88632 0.00084 0.11273 0.00011 ( 1)
 177 A   0.79572 0.09033 0.10165 0.01230 ( 1)
 178 D   0.88981 0.00014 0.11003 0.00002 ( 1)
 179 N   0.87385 0.01629 0.10764 0.00222 ( 1)
 180 I   0.88776 0.00047 0.11171 0.00006 ( 1)
 181 A   0.88856 0.00409 0.10679 0.00056 ( 1)
 182 I   0.88439 0.00381 0.11128 0.00052 ( 1)
 183 W   0.85371 0.03300 0.10880 0.00449 ( 1)
 184 K   0.89323 0.00002 0.10675 0.00000 ( 1)
 185 P   0.77214 0.11199 0.10062 0.01525 ( 1)
 186 S   0.88715 0.00081 0.11193 0.00011 ( 1)
 187 S   0.87202 0.01372 0.11240 0.00187 ( 1)
 188 E   0.89450 0.00001 0.10549 0.00000 ( 1)
 189 K   0.89324 0.00002 0.10675 0.00000 ( 1)
 190 L   0.88757 0.00062 0.11172 0.00008 ( 1)
 191 F   0.88975 0.00015 0.11008 0.00002 ( 1)
 192 C   0.87500 0.01159 0.11184 0.00158 ( 1)
 193 I   0.88789 0.00034 0.11172 0.00005 ( 1)
 194 L   0.88344 0.00240 0.11384 0.00033 ( 1)
 195 E   0.83199 0.05341 0.10733 0.00727 ( 1)
 196 M   0.89538 0.00000 0.10462 0.00000 ( 1)
 197 Y   0.88372 0.00202 0.11398 0.00027 ( 1)
 198 E   0.89447 0.00001 0.10552 0.00000 ( 1)
 199 A   0.89232 0.00008 0.10759 0.00001 ( 1)
 200 L   0.86923 0.01380 0.11509 0.00188 ( 1)
 201 A   0.87733 0.00959 0.11178 0.00131 ( 1)
 202 E   0.89450 0.00001 0.10549 0.00000 ( 1)
 203 L   0.69933 0.18665 0.08861 0.02542 ( 1)
 204 L   0.88754 0.00065 0.11172 0.00009 ( 1)
 205 P   0.80839 0.07497 0.10643 0.01021 ( 1)
 206 E   0.89439 0.00009 0.10551 0.00001 ( 1)
 207 L   0.88807 0.00059 0.11125 0.00008 ( 1)
 208 L   0.89349 0.00098 0.10540 0.00013 ( 1)
 209 A   0.35907 0.52518 0.04423 0.07152 ( 2)
 210 W   0.88001 0.00748 0.11149 0.00102 ( 1)
 211 F   0.88976 0.00014 0.11008 0.00002 ( 1)
 212 S   0.86620 0.01651 0.11504 0.00225 ( 1)
 213 V   0.88087 0.00657 0.11166 0.00090 ( 1)
 214 K   0.13137 0.74987 0.01665 0.10211 ( 2)
 215 V   0.86042 0.02425 0.11203 0.00330 ( 1)
 216 R   0.89052 0.00065 0.10875 0.00009 ( 1)
 217 G   0.88846 0.00146 0.10988 0.00020 ( 1)
 218 F   0.88729 0.00228 0.11012 0.00031 ( 1)
 219 I   0.89102 0.00044 0.10848 0.00006 ( 1)
 220 K   0.89322 0.00002 0.10675 0.00000 ( 1)
 221 E   0.87990 0.00742 0.11167 0.00101 ( 1)
 222 E   0.89449 0.00001 0.10549 0.00000 ( 1)
 223 A   0.85294 0.03169 0.11105 0.00432 ( 1)
 224 E   0.89316 0.00133 0.10534 0.00018 ( 1)
 225 L   0.70547 0.04342 0.24520 0.00591 ( 1)
 226 T   0.84676 0.04110 0.10654 0.00560 ( 1)
 227 L   0.88702 0.00077 0.11210 0.00010 ( 1)
 228 V   0.02471 0.85578 0.00297 0.11654 ( 2)
 229 N   0.82590 0.06442 0.10090 0.00877 ( 1)
 230 L   0.79215 0.09063 0.10488 0.01234 ( 1)
 231 G   0.89262 0.00006 0.10732 0.00001 ( 1)
 232 D   0.88982 0.00014 0.11003 0.00002 ( 1)
 233 A   0.88263 0.00216 0.11491 0.00029 ( 1)
 234 V   0.89280 0.00003 0.10716 0.00000 ( 1)
 235 R   0.88138 0.00384 0.11425 0.00052 ( 1)
 236 G   0.88908 0.00117 0.10958 0.00016 ( 1)
 237 T   0.87728 0.01004 0.11132 0.00137 ( 1)
 238 V   0.11343 0.76760 0.01444 0.10453 ( 2)
 239 A   0.80256 0.08378 0.10225 0.01141 ( 1)
 240 E   0.89442 0.00009 0.10548 0.00001 ( 1)
 241 F   0.88617 0.00098 0.11271 0.00013 ( 1)
 242 A   0.89021 0.00013 0.10964 0.00002 ( 1)
 243 N   0.86838 0.02018 0.10869 0.00275 ( 1)
 244 T   0.88858 0.00406 0.10680 0.00055 ( 1)
 245 I   0.88778 0.00046 0.11170 0.00006 ( 1)
 246 S   0.15117 0.72989 0.01955 0.09939 ( 2)
 247 R   0.89236 0.00028 0.10731 0.00004 ( 1)
 248 E   0.89449 0.00001 0.10549 0.00000 ( 1)
 249 T   0.88359 0.00242 0.11366 0.00033 ( 1)
 250 S   0.88014 0.00475 0.11446 0.00065 ( 1)
 251 C   0.87897 0.00714 0.11291 0.00097 ( 1)
 252 G   0.65615 0.22738 0.08551 0.03096 ( 1)
 253 S   0.00192 0.87821 0.00028 0.11959 ( 2)
 254 I   0.78946 0.09721 0.10009 0.01324 ( 1)
 255 P   0.83964 0.04385 0.11054 0.00597 ( 1)
 256 G   0.88724 0.00267 0.10973 0.00036 ( 1)
 257 G   0.89011 0.00017 0.10970 0.00002 ( 1)
 258 G   0.89437 0.00008 0.10554 0.00001 ( 1)
 259 I   0.89140 0.00006 0.10853 0.00001 ( 1)
 260 H   0.89032 0.00013 0.10954 0.00002 ( 1)
 261 L   0.88738 0.00236 0.10993 0.00032 ( 1)
 262 M   0.86908 0.01685 0.11178 0.00229 ( 1)
 263 T   0.88782 0.00264 0.10918 0.00036 ( 1)
 264 R   0.88420 0.00165 0.11393 0.00022 ( 1)
 265 Y   0.88793 0.00059 0.11140 0.00008 ( 1)
 266 V   0.89028 0.00014 0.10956 0.00002 ( 1)
 267 M   0.89538 0.00000 0.10462 0.00000 ( 1)
 268 N   0.89190 0.00005 0.10805 0.00001 ( 1)
 269 Y   0.86225 0.02335 0.11122 0.00318 ( 1)
 270 V   0.88399 0.00091 0.11498 0.00012 ( 1)
 271 V   0.02621 0.85399 0.00351 0.11629 ( 2)
 272 E   0.18890 0.67434 0.04493 0.09183 ( 2)
 273 A   0.60322 0.27948 0.07925 0.03806 ( 1)
 274 A   0.66014 0.22347 0.08595 0.03043 ( 1)
 275 N   0.87116 0.01584 0.11084 0.00216 ( 1)
 276 Y   0.88810 0.00043 0.11141 0.00006 ( 1)
 277 S   0.88848 0.00144 0.10989 0.00020 ( 1)
 278 W   0.50754 0.37642 0.06478 0.05126 ( 1)
 279 L   0.88273 0.00540 0.11113 0.00074 ( 1)
 280 N   0.88847 0.00029 0.11120 0.00004 ( 1)
 281 H   0.00277 0.87739 0.00035 0.11948 ( 2)
 282 L   0.88357 0.00227 0.11385 0.00031 ( 1)
 283 L   0.88041 0.00541 0.11345 0.00074 ( 1)
 284 A   0.08857 0.79256 0.01095 0.10793 ( 2)
 285 G   0.81548 0.07393 0.10052 0.01007 ( 1)
 286 C   0.80629 0.08026 0.10252 0.01093 ( 1)
 287 E   0.75430 0.13793 0.08900 0.01878 ( 1)
 288 T   0.75450 0.13066 0.09705 0.01779 ( 1)
 289 Q   0.83366 0.05888 0.09944 0.00802 ( 1)
 290 V   0.73650 0.14930 0.09387 0.02033 ( 1)
 291 N   0.88847 0.00028 0.11120 0.00004 ( 1)
 292 Q   0.00004 0.88010 0.00001 0.11985 ( 2)
 293 D   0.80661 0.08242 0.09975 0.01122 ( 1)
 294 T   0.68792 0.20345 0.08093 0.02770 ( 1)
 295 T   0.88374 0.00227 0.11367 0.00031 ( 1)
 296 P   0.87729 0.00635 0.11550 0.00086 ( 1)
 297 F   0.50024 0.38216 0.06555 0.05204 ( 1)
 298 G   0.43876 0.44346 0.05739 0.06039 ( 2)
 299 Y   0.45301 0.43238 0.05573 0.05888 ( 1)
 300 C   0.88280 0.00264 0.11420 0.00036 ( 1)
 301 V   0.00675 0.87347 0.00083 0.11895 ( 2)
 302 L   0.84463 0.04357 0.10586 0.00593 ( 1)
 303 I   0.64984 0.23576 0.08230 0.03210 ( 1)
 304 L   0.88747 0.00071 0.11172 0.00010 ( 1)
 305 I   0.89141 0.00005 0.10853 0.00001 ( 1)
 306 T   0.87633 0.00778 0.11484 0.00106 ( 1)
 307 R   0.83684 0.05042 0.10587 0.00687 ( 1)
 308 L   0.87010 0.01294 0.11520 0.00176 ( 1)
 309 V   0.83870 0.04845 0.10625 0.00660 ( 1)
 310 D   0.06063 0.82040 0.00725 0.11172 ( 2)
 311 K   0.89310 0.00015 0.10673 0.00002 ( 1)
 312 I   0.88778 0.00045 0.11171 0.00006 ( 1)
 313 E   0.89435 0.00015 0.10549 0.00002 ( 1)
 314 D   0.82920 0.06007 0.10256 0.00818 ( 1)
 315 T   0.86910 0.01702 0.11156 0.00232 ( 1)
 316 S   0.53896 0.34592 0.06802 0.04711 ( 1)
 317 K   0.89311 0.00014 0.10673 0.00002 ( 1)
 318 L   0.88318 0.00497 0.11117 0.00068 ( 1)
 319 Y   0.88303 0.00270 0.11390 0.00037 ( 1)
 320 A   0.82974 0.05955 0.10260 0.00811 ( 1)
 321 D   0.88982 0.00014 0.11002 0.00002 ( 1)
 322 E   0.89450 0.00001 0.10549 0.00000 ( 1)
 323 A   0.88227 0.00255 0.11484 0.00035 ( 1)
 324 L   0.88753 0.00066 0.11172 0.00009 ( 1)
 325 Q   0.88979 0.00015 0.11004 0.00002 ( 1)
 326 N   0.89162 0.00035 0.10798 0.00005 ( 1)
 327 I   0.88784 0.00039 0.11173 0.00005 ( 1)
 328 F   0.88620 0.00096 0.11272 0.00013 ( 1)
 329 L   0.88676 0.00079 0.11234 0.00011 ( 1)
 330 M   0.89534 0.00003 0.10462 0.00000 ( 1)
 331 D   0.89166 0.00029 0.10800 0.00004 ( 1)
 332 N   0.88847 0.00029 0.11120 0.00004 ( 1)
 333 L   0.88750 0.00069 0.11172 0.00009 ( 1)
 334 L   0.77532 0.11088 0.09870 0.01510 ( 1)
 335 Y   0.88799 0.00053 0.11141 0.00007 ( 1)
 336 I   0.20133 0.68064 0.02535 0.09269 ( 2)
 337 V   0.89242 0.00039 0.10714 0.00005 ( 1)
 338 Q   0.88868 0.00124 0.10991 0.00017 ( 1)
 339 K   0.89324 0.00002 0.10675 0.00000 ( 1)
 340 V   0.82027 0.06819 0.10225 0.00929 ( 1)
 341 K   0.88994 0.00236 0.10737 0.00032 ( 1)
 342 S   0.87302 0.01674 0.10796 0.00228 ( 1)
 343 S   0.86531 0.01740 0.11492 0.00237 ( 1)
 344 E   0.89358 0.00002 0.10639 0.00000 ( 1)
 345 L   0.88069 0.00383 0.11496 0.00052 ( 1)
 346 R   0.89307 0.00015 0.10676 0.00002 ( 1)
 347 T   0.00016 0.87999 0.00002 0.11983 ( 2)
 348 W   0.58655 0.29839 0.07443 0.04063 ( 1)
 349 L   0.88326 0.00258 0.11381 0.00035 ( 1)
 350 G   0.89263 0.00005 0.10732 0.00001 ( 1)
 351 D   0.88866 0.00128 0.10988 0.00017 ( 1)
 352 N   0.89193 0.00004 0.10802 0.00001 ( 1)
 353 W   0.88602 0.00104 0.11279 0.00014 ( 1)
 354 I   0.89096 0.00050 0.10848 0.00007 ( 1)
 355 H   0.86445 0.02068 0.11206 0.00282 ( 1)
 356 A   0.86280 0.02991 0.10322 0.00407 ( 1)
 357 R   0.30280 0.57984 0.03840 0.07896 ( 2)
 358 Y   0.23947 0.64176 0.03138 0.08739 ( 2)
 359 G   0.88575 0.00119 0.11290 0.00016 ( 1)
 360 L   0.88825 0.00167 0.10986 0.00023 ( 1)
 361 I   0.88767 0.00048 0.11178 0.00007 ( 1)
 362 R   0.89049 0.00067 0.10874 0.00009 ( 1)
 363 A   0.05061 0.82254 0.01484 0.11201 ( 2)
 364 Y   0.88814 0.00039 0.11142 0.00005 ( 1)
 365 S   0.88579 0.00149 0.11251 0.00020 ( 1)
 366 K   0.82481 0.05906 0.10809 0.00804 ( 1)
 367 R   0.89242 0.00023 0.10732 0.00003 ( 1)
 368 Y   0.88811 0.00041 0.11141 0.00006 ( 1)
 369 L   0.88520 0.00341 0.11092 0.00046 ( 1)
 370 Q   0.77972 0.10269 0.10360 0.01398 ( 1)
 371 S   0.88620 0.00109 0.11256 0.00015 ( 1)
 372 S   0.86778 0.01493 0.11525 0.00203 ( 1)
 373 W   0.88602 0.00104 0.11279 0.00014 ( 1)
 374 T   0.01101 0.86921 0.00142 0.11837 ( 2)
 375 R   0.63788 0.25016 0.07789 0.03407 ( 1)
 376 V   0.88122 0.00363 0.11466 0.00049 ( 1)
 377 I   0.50311 0.37887 0.06643 0.05159 ( 1)
 378 A   0.47226 0.41143 0.06028 0.05603 ( 1)
 379 C   0.86398 0.02135 0.11177 0.00291 ( 1)
 380 L   0.88766 0.00054 0.11173 0.00007 ( 1)
 381 R   0.88968 0.00148 0.10864 0.00020 ( 1)
 382 D   0.88982 0.00014 0.11002 0.00002 ( 1)
 383 D   0.88981 0.00015 0.11002 0.00002 ( 1)
 384 G   0.89264 0.00004 0.10732 0.00000 ( 1)
 385 L   0.88042 0.00707 0.11154 0.00096 ( 1)
 386 L   0.46930 0.41271 0.06179 0.05620 ( 1)
 387 L   0.00579 0.87440 0.00073 0.11907 ( 2)
 388 T   0.00285 0.87646 0.00134 0.11935 ( 2)
 389 T   0.36683 0.51497 0.04806 0.07013 ( 2)
 390 G   0.79648 0.08977 0.10152 0.01222 ( 1)
 391 S   0.86665 0.01606 0.11510 0.00219 ( 1)
 392 S   0.88673 0.00125 0.11185 0.00017 ( 1)
 393 S   0.88610 0.00099 0.11277 0.00013 ( 1)
 394 T   0.84045 0.04411 0.10943 0.00601 ( 1)
 395 L   0.88828 0.00039 0.11128 0.00005 ( 1)
 396 K   0.89181 0.00135 0.10666 0.00018 ( 1)
 397 G   0.01429 0.86553 0.00232 0.11786 ( 2)
 398 A   0.86178 0.02312 0.11195 0.00315 ( 1)
 399 L   0.88765 0.00054 0.11173 0.00007 ( 1)
 400 K   0.89323 0.00002 0.10675 0.00000 ( 1)
 401 E   0.88073 0.00660 0.11177 0.00090 ( 1)
 402 R   0.89111 0.00007 0.10882 0.00001 ( 1)
 403 F   0.88976 0.00014 0.11008 0.00002 ( 1)
 404 K   0.89282 0.00041 0.10672 0.00006 ( 1)
 405 S   0.80709 0.08042 0.10155 0.01095 ( 1)
 406 F   0.88975 0.00015 0.11008 0.00002 ( 1)
 407 N   0.89194 0.00004 0.10802 0.00000 ( 1)
 408 L   0.88621 0.00134 0.11227 0.00018 ( 1)
 409 A   0.00331 0.87686 0.00042 0.11941 ( 2)
 410 Y   0.86019 0.02808 0.10791 0.00382 ( 1)
 411 E   0.89444 0.00002 0.10554 0.00000 ( 1)
 412 E   0.89439 0.00010 0.10550 0.00001 ( 1)
 413 L   0.87265 0.01083 0.11504 0.00148 ( 1)
 414 Y   0.88809 0.00043 0.11141 0.00006 ( 1)
 415 R   0.89062 0.00055 0.10876 0.00007 ( 1)
 416 T   0.87582 0.00828 0.11477 0.00113 ( 1)
 417 Q   0.88974 0.00019 0.11005 0.00003 ( 1)
 418 T   0.87643 0.00767 0.11485 0.00104 ( 1)
 419 T   0.20424 0.67698 0.02659 0.09219 ( 2)
 420 W   0.88602 0.00104 0.11279 0.00014 ( 1)
 421 M   0.02199 0.84310 0.02010 0.11481 ( 2)
 422 V   0.88599 0.00107 0.11280 0.00015 ( 1)
 423 A   0.89243 0.00033 0.10720 0.00004 ( 1)
 424 D   0.88981 0.00014 0.11003 0.00002 ( 1)
 425 P   0.88253 0.00278 0.11431 0.00038 ( 1)
 426 Q   0.88977 0.00017 0.11004 0.00002 ( 1)
 427 L   0.86901 0.01443 0.11460 0.00196 ( 1)
 428 R   0.88002 0.00467 0.11468 0.00064 ( 1)
 429 E   0.89420 0.00014 0.10564 0.00002 ( 1)
 430 E   0.89434 0.00009 0.10556 0.00001 ( 1)
 431 L   0.88141 0.00609 0.11167 0.00083 ( 1)
 432 K   0.88457 0.00561 0.10906 0.00076 ( 1)
 433 I   0.88775 0.00048 0.11170 0.00007 ( 1)
 434 S   0.01691 0.86337 0.00215 0.11757 ( 2)
 435 I   0.89140 0.00006 0.10853 0.00001 ( 1)
 436 S   0.37054 0.51071 0.04921 0.06955 ( 2)
 437 E   0.89441 0.00009 0.10549 0.00001 ( 1)
 438 Q   0.87331 0.01899 0.10511 0.00259 ( 1)
 439 L   0.88876 0.00164 0.10938 0.00022 ( 1)
 440 I   0.86554 0.01946 0.11234 0.00265 ( 1)
 441 P   0.80179 0.08154 0.10556 0.01110 ( 1)
 442 T   0.84045 0.04411 0.10943 0.00601 ( 1)
 443 Y   0.88811 0.00042 0.11141 0.00006 ( 1)
 444 R   0.88259 0.00279 0.11423 0.00038 ( 1)
 445 S   0.88717 0.00082 0.11191 0.00011 ( 1)
 446 F   0.88625 0.00090 0.11272 0.00012 ( 1)
 447 V   0.87805 0.00895 0.11179 0.00122 ( 1)
 448 E   0.65063 0.23274 0.08493 0.03169 ( 1)
 449 R   0.89108 0.00009 0.10881 0.00001 ( 1)
 450 Y   0.75905 0.01865 0.21977 0.00254 ( 1)
 451 R   0.06964 0.81070 0.00925 0.11040 ( 2)
 452 G   0.88086 0.00928 0.10859 0.00126 ( 1)
 453 Q   0.87564 0.01413 0.10830 0.00192 ( 1)
 454 L   0.87126 0.01177 0.11536 0.00160 ( 1)
 455 Q   0.83567 0.05768 0.09880 0.00785 ( 1)
 456 L   0.00517 0.87478 0.00093 0.11912 ( 2)
 457 R   0.89053 0.00062 0.10876 0.00008 ( 1)
 458 G   0.00001 0.88014 0.00000 0.11985 ( 2)
 459 L   0.00849 0.87171 0.00110 0.11871 ( 2)
 460 A   0.88095 0.00383 0.11469 0.00052 ( 1)
 461 K   0.77459 0.11688 0.09261 0.01592 ( 1)
 462 Y   0.88316 0.00258 0.11391 0.00035 ( 1)
 463 V   0.81367 0.07373 0.10256 0.01004 ( 1)
 464 K   0.89319 0.00003 0.10677 0.00000 ( 1)
 465 Y   0.88810 0.00043 0.11141 0.00006 ( 1)
 466 S   0.47412 0.31205 0.17134 0.04249 ( 1)
 467 P   0.66987 0.21419 0.08677 0.02917 ( 1)
 468 E   0.89441 0.00009 0.10548 0.00001 ( 1)
 469 D   0.88981 0.00015 0.11002 0.00002 ( 1)
 470 L   0.65447 0.07232 0.26336 0.00985 ( 1)
 471 E   0.89447 0.00001 0.10552 0.00000 ( 1)
 472 N   0.89194 0.00004 0.10802 0.00001 ( 1)
 473 Q   0.88979 0.00015 0.11004 0.00002 ( 1)
 474 I   0.83693 0.01847 0.14209 0.00251 ( 1)
 475 V   0.27998 0.60081 0.03739 0.08182 ( 2)
 476 D   0.88981 0.00015 0.11002 0.00002 ( 1)
 477 I   0.87543 0.01430 0.10833 0.00195 ( 1)
 478 F   0.88619 0.00096 0.11272 0.00013 ( 1)
 479 A   0.87838 0.00893 0.11147 0.00122 ( 1)
 480 G   0.03081 0.84228 0.01221 0.11470 ( 2)


lnL = -10293.527471

